
2 2 1 2 0 0.02457333523083296
3 2 1 2 0 0.018236207672617834
2 2 1 2 1 0.016856714907222407
3 2 1 2 1 0.016759478301150446
2 2 1 2 2 0.029077606970968183
3 2 1 2 2 0.022007742831723815
2 2 1 3 0 0.01957334963089038
2 3 1 3 0 0.024461715232859938
3 2 1 3 0 0.016196365478912133
3 3 1 3 0 0.018054583904983466
2 2 1 3 1 0.015968296269466487
2 3 1 3 1 0.016800762270254493
3 2 1 3 1 0.015379363993384602
3 3 1 3 1 0.016640763612420204
2 2 1 3 2 0.026690437344060965
2 3 1 3 2 0.029268870458287702
3 2 1 3 2 0.026253309899409244
3 3 1 3 2 0.021347644273369323
2 2 1 4 0 0.01689702047724947
2 3 1 4 0 0.021640919287265633
2 4 1 4 0 0.02423993095390497
3 2 1 4 0 0.01759975847855149
3 3 1 4 0 0.01705500971295073
3 4 1 4 0 0.018090821312026665
2 2 1 4 1 0.01881444282766745
2 3 1 4 1 0.016952371151780794
2 4 1 4 1 0.01691389713417273
3 2 1 4 1 0.015548703423903625
3 3 1 4 1 0.016014144230026447
3 4 1 4 1 0.016641704187140716
2 2 1 4 2 0.02719697602258735
2 3 1 4 2 0.026688340382839352
2 4 1 4 2 0.019437328030138014
3 2 1 4 2 0.03315525611989098
3 3 1 4 2 0.022771342070072805
3 4 1 4 2 0.02123386426388297
2 2 1 5 0 0.0164861616895435
2 3 1 5 0 0.01965154643228293
2 4 1 5 0 0.020359396923460105
2 5 1 5 0 0.023725900707628353
3 2 1 5 0 0.018717927208039768
3 3 1 5 0 0.015362251604885465
3 4 1 5 0 0.015607677133366884
3 5 1 5 0 0.018132443798589543
2 2 1 5 1 0.020375570336684787
2 3 1 5 1 0.01822568403647842
2 4 1 5 1 0.018020075804205272
2 5 1 5 1 0.016991744033780763
3 2 1 5 1 0.01923523970590489
3 3 1 5 1 0.017017184704494433
3 4 1 5 1 0.017303572345193877
3 5 1 5 1 0.016675179219718846
2 2 1 5 2 0.02817374689018442
2 3 1 5 2 0.02905953232363533
2 4 1 5 2 0.024647196579336866
2 5 1 5 2 0.031040169870306823
3 2 1 5 2 0.03240939303999555
3 3 1 5 2 0.030111519074852412
3 4 1 5 2 0.02107036613056162
3 5 1 5 2 0.02131841778907949
2 2 1 6 0 0.01743635164951492
2 3 1 6 0 0.01718993361442825
2 4 1 6 0 0.02160118795734311
2 5 1 6 0 0.022998817584710427
2 6 1 6 0 0.023371024398833633
3 2 1 6 0 0.019638239271496927
3 3 1 6 0 0.014259843253680269
3 4 1 6 0 0.014310636039316446
3 5 1 6 0 0.01796133640558922
3 6 1 6 0 0.018230459304349824
2 2 1 6 1 0.018468721017777155
2 3 1 6 1 0.018326566559754637
2 4 1 6 1 0.018350437874390398
2 5 1 6 1 0.017632079856517414
2 6 1 6 1 0.017010612351556917
3 2 1 6 1 0.016429681053417525
3 3 1 6 1 0.018079870417965823
3 4 1 6 1 0.017460642058761716
3 5 1 6 1 0.01716026335099369
3 6 1 6 1 0.016676714210754028
2 2 1 6 2 0.02545269321454305
2 3 1 6 2 0.02191271069009547
2 4 1 6 2 0.020820141036109574
2 5 1 6 2 0.027874592173498705
2 6 1 6 2 0.02463571548099147
3 2 1 6 2 0.029610354163596277
3 3 1 6 2 0.03309103830949289
3 4 1 6 2 0.02895359479052229
3 5 1 6 2 0.021508408592608528
3 6 1 6 2 0.021402603056186936
2 2 1 7 0 0.017448911658609324
2 3 1 7 0 0.015782046710140947
2 4 1 7 0 0.018572281662026693
2 5 1 7 0 0.01910203072207138
2 6 1 7 0 0.021826469049802004
2 7 1 7 0 0.02338154191229863
3 2 1 7 0 0.01609608401310468
3 3 1 7 0 0.013998864848680289
3 4 1 7 0 0.015092017254076814
3 5 1 7 0 0.01595739257223328
3 6 1 7 0 0.018532187658750685
3 7 1 7 0 0.018380943483663398
2 2 1 7 1 0.014008780673560628
2 3 1 7 1 0.018266432084533553
2 4 1 7 1 0.01828933374793294
2 5 1 7 1 0.017248691344362747
2 6 1 7 1 0.01704884019086442
2 7 1 7 1 0.01709705814755491
3 2 1 7 1 0.01579502902848922
3 3 1 7 1 0.016452891593946875
3 4 1 7 1 0.017607634266782676
3 5 1 7 1 0.017403313159314978
3 6 1 7 1 0.016643353340913526
3 7 1 7 1 0.016722185063093392
2 2 1 7 2 0.024793709343541356
2 3 1 7 2 0.027193071125670248
2 4 1 7 2 0.022118529071296782
2 5 1 7 2 0.0306729168940344
2 6 1 7 2 0.0307509880216378
2 7 1 7 2 0.03199873387518059
3 2 1 7 2 0.02796816062569679
3 3 1 7 2 0.03209782558733885
3 4 1 7 2 0.028802179576030908
3 5 1 7 2 0.023885780578580307
3 6 1 7 2 0.021534745254567837
3 7 1 7 2 0.021230311021119233
2 2 1 8 0 0.017208076789504527
2 3 1 8 0 0.017264818703530936
2 4 1 8 0 0.01634089205814067
2 5 1 8 0 0.01978527989187812
2 6 1 8 0 0.020385424269343658
2 7 1 8 0 0.023447479889848095
2 8 1 8 0 0.023565174066418552
3 2 1 8 0 0.014632550663502338
3 3 1 8 0 0.01662677961701604
3 4 1 8 0 0.013154062284418577
3 5 1 8 0 0.015285429249774964
3 6 1 8 0 0.01537838273259959
3 7 1 8 0 0.01763918006382653
3 8 1 8 0 0.0184598836988188
2 2 1 8 1 0.018212469481414674
2 3 1 8 1 0.015319770680870558
2 4 1 8 1 0.016094917468806605
2 5 1 8 1 0.018706159859639356
2 6 1 8 1 0.017643942553413842
2 7 1 8 1 0.016989870847345153
2 8 1 8 1 0.01710238808118988
3 2 1 8 1 0.016049693879254385
3 3 1 8 1 0.017432128876597324
3 4 1 8 1 0.01767112973623713
3 5 1 8 1 0.0180894488419449
3 6 1 8 1 0.017336460271203356
3 7 1 8 1 0.016457598949994656
3 8 1 8 1 0.016695262295870227
2 2 1 8 2 0.024897027829102573
2 3 1 8 2 0.02542373958936187
2 4 1 8 2 0.022153806134594663
2 5 1 8 2 0.02162289134887369
2 6 1 8 2 0.022212038764621005
2 7 1 8 2 0.027307674924031553
2 8 1 8 2 0.029869509285492302
3 2 1 8 2 0.02701443900907964
3 3 1 8 2 0.0300903541172892
3 4 1 8 2 0.032090731105137826
3 5 1 8 2 0.030810112711574664
3 6 1 8 2 0.020859569288353145
3 7 1 8 2 0.021318298977326955
3 8 1 8 2 0.02120349349030646
2 2 1 9 0 0.017501085330605067
2 3 1 9 0 0.017685463841747802
2 4 1 9 0 0.016928861686542476
2 5 1 9 0 0.019795797568417026
2 6 1 9 0 0.020409364398239392
2 7 1 9 0 0.022234742314131663
2 8 1 9 0 0.021973167752484896
2 9 1 9 0 0.02394829661258124
3 2 1 9 0 0.018711709069021403
3 3 1 9 0 0.019457303825969902
3 4 1 9 0 0.014125760204794046
3 5 1 9 0 0.015766419075379966
3 6 1 9 0 0.016914489384398105
3 7 1 9 0 0.016336711498307777
3 8 1 9 0 0.016211497538584172
3 9 1 9 0 0.01856481508854632
2 2 1 9 1 0.014357225682593273
2 3 1 9 1 0.015638415034733052
2 4 1 9 1 0.01777340110423176
2 5 1 9 1 0.01850108813670767
2 6 1 9 1 0.018610234696507563
2 7 1 9 1 0.018001754008227233
2 8 1 9 1 0.016976869594811674
2 9 1 9 1 0.017103694361181976
3 2 1 9 1 0.01489047541994249
3 3 1 9 1 0.01826749575509427
3 4 1 9 1 0.01793287101277498
3 5 1 9 1 0.017979078563324702
3 6 1 9 1 0.018455200468587625
3 7 1 9 1 0.017002311015949647
3 8 1 9 1 0.01649006067612096
3 9 1 9 1 0.016677087531685477
2 2 1 9 2 0.02591701287090962
2 3 1 9 2 0.024697547103730726
2 4 1 9 2 0.02380784999721654
2 5 1 9 2 0.02472233579310237
2 6 1 9 2 0.022854305220432133
2 7 1 9 2 0.02665643176602582
2 8 1 9 2 0.030707023827413082
2 9 1 9 2 0.024509307981937543
3 2 1 9 2 0.027015092219785052
3 3 1 9 2 0.026763046661794312
3 4 1 9 2 0.03221130368373056
3 5 1 9 2 0.02457145549209925
3 6 1 9 2 0.02454175030472191
3 7 1 9 2 0.020515088267082593
3 8 1 9 2 0.021342918279797524
3 9 1 9 2 0.021161508812019544
2 2 1 10 0 0.017639745113036856
2 3 1 10 0 0.0174736193610751
2 4 1 10 0 0.016809232604709137
2 5 1 10 0 0.018063946654489422
2 6 1 10 0 0.019658310753430306
2 7 1 10 0 0.020107099499664473
2 8 1 10 0 0.02008743643288696
2 9 1 10 0 0.023100986929360644
2 10 1 10 0 0.023937897626789693
3 2 1 10 0 0.019102088197493032
3 3 1 10 0 0.018682559749590363
3 4 1 10 0 0.016424157886443348
3 5 1 10 0 0.014975608028401474
3 6 1 10 0 0.014293605117471377
3 7 1 10 0 0.01433558926873952
3 8 1 10 0 0.015566587203854083
3 9 1 10 0 0.01841537241559114
3 10 1 10 0 0.018555496018470025
2 2 1 10 1 0.016673971097514388
2 3 1 10 1 0.013682419283655947
2 4 1 10 1 0.01492301773178432
2 5 1 10 1 0.018676274018079326
2 6 1 10 1 0.018718868932392076
2 7 1 10 1 0.018419243147123922
2 8 1 10 1 0.018505392558708686
2 9 1 10 1 0.016829542257102946
2 10 1 10 1 0.017112339703222262
3 2 1 10 1 0.014662882793864743
3 3 1 10 1 0.016628332320689065
3 4 1 10 1 0.01796548856353405
3 5 1 10 1 0.017945558972663755
3 6 1 10 1 0.01832541794718378
3 7 1 10 1 0.01717382475805847
3 8 1 10 1 0.016904301958917334
3 9 1 10 1 0.016394975901714338
3 10 1 10 1 0.016683798900591316
2 2 1 10 2 0.026803733062506906
2 3 1 10 2 0.024338748384445216
2 4 1 10 2 0.025629281288237465
2 5 1 10 2 0.019630503246750374
2 6 1 10 2 0.02003688490507869
2 7 1 10 2 0.02282906264384065
2 8 1 10 2 0.030076153814818554
2 9 1 10 2 0.02168674921949908
2 10 1 10 2 0.030241140307315624
3 2 1 10 2 0.02575407314464698
3 3 1 10 2 0.02548707101371248
3 4 1 10 2 0.031976215332914476
3 5 1 10 2 0.025726084536896558
3 6 1 10 2 0.022961343330317442
3 7 1 10 2 0.021421357737512813
3 8 1 10 2 0.0219424324197656
3 9 1 10 2 0.02126418344336614
3 10 1 10 2 0.02118891583020804