3 4 1  8 0 0.013154062284418577
2 3 1 10 1 0.013682419283655947
3 3 1  7 0 0.013998864848680289
2 2 1  7 1 0.014008780673560628
3 4 1  9 0 0.014125760204794046


3 3 1  6 0 0.014259843253680269

3 6 1 10 0 0.014293605117471377
3 4 1  6 0 0.014310636039316446
3 7 1 10 0 0.01433558926873952
2 2 1  9 1 0.014357225682593273
3 2 1  8 0 0.014632550663502338
3 2 1 10 1 0.014662882793864743
3 2 1  9 1 0.01489047541994249
2 4 1 10 1 0.01492301773178432
3 5 1 10 0 0.014975608028401474

2 2 1 3 1 0.015968296269466487
3 2 1 3 1 0.015379363993384602
3 2 1 4 1 0.015548703423903625
3 3 1 5 0 0.015362251604885465
3 4 1 5 0 0.015607677133366884
2 3 1 7 0 0.015782046710140947
3 4 1 7 0 0.015092017254076814
3 5 1 7 0 0.01595739257223328
3 2 1 7 1 0.01579502902848922
3 5 1 8 0 0.015285429249774964
3 6 1 8 0 0.01537838273259959
2 3 1 8 1 0.015319770680870558
3 8 1 10 0 0.015566587203854083
2 3 1 9 1 0.015638415034733052
3 5 1 9 0 0.015766419075379966

